Eval of H: 
ACC: 0.8032353996821002
SEN: 0.6455254982192923
PPV: 0.7397533865925668
MCC: 0.54912545201547
Eval of E: 
ACC: 0.7822899041173152
SEN: 0.7010511724615918
PPV: 0.5068905036331747
MCC: 0.45635097856708257
Eval of C: 
ACC: 0.7445777572681126
SEN: 0.6619053171641791
PPV: 0.7316491589869176
MCC: 0.47802092948581265


Q3:  0.6650515305337641
ACC Average:  0.7767010203558428
MCC Average:  0.4944991200227884
SEN Average:  0.6694939959483545
PPV Average:  0.6594310164042197
