Eval of H: 
ACC: 0.805099150141643
SEN: 0.6817357332217107
PPV: 0.7447035512879134
MCC: 0.5662776129365652
Eval of E: 
ACC: 0.7863776327133883
SEN: 0.6674620390455531
PPV: 0.5232993197278911
MCC: 0.4514517438823814
Eval of C: 
ACC: 0.7513486882621012
SEN: 0.6648670852649492
PPV: 0.7210589957360147
MCC: 0.4851179476918585


Q3:  0.6714127355585663
ACC Average:  0.7809418237057107
MCC Average:  0.5009491015036017
SEN Average:  0.6713549525107375
PPV Average:  0.6630206222506064
