Eval of H: 
ACC: 0.7849945339607396
SEN: 0.6454667605093096
PPV: 0.7420920994556421
MCC: 0.5299526512144015
Eval of E: 
ACC: 0.7824991682114169
SEN: 0.6765041020966271
PPV: 0.4846530612244898
MCC: 0.4354869605149938
Eval of C: 
ACC: 0.7417415276391464
SEN: 0.6518417925649296
PPV: 0.7096217814463471
MCC: 0.4650676346660496


Q3:  0.6546176149056514
ACC Average:  0.7697450766037676
MCC Average:  0.4768357487984816
SEN Average:  0.6579375517236221
PPV Average:  0.645455647375493
