Eval of H: 
ACC: 0.7970867840119298
SEN: 0.6619616359030039
PPV: 0.7560975609756098
MCC: 0.5548978365739108
Eval of E: 
ACC: 0.7940777035123692
SEN: 0.6930930930930931
PPV: 0.5270369017172086
MCC: 0.4715600067311946
Eval of C: 
ACC: 0.745825899395521
SEN: 0.6610653344579251
PPV: 0.7022053756030324
MCC: 0.47067402205445696


Q3:  0.66849519345991
ACC Average:  0.77899679563994
MCC Average:  0.49904395511985417
SEN Average:  0.6720400211513408
PPV Average:  0.6617799460986169
