Eval of H: 
ACC: 0.8113770185236663
SEN: 0.6886201047274872
PPV: 0.7422688607997456
MCC: 0.574814761274775
Eval of E: 
ACC: 0.7841095751939552
SEN: 0.6895708249944408
PPV: 0.5188655567639923
MCC: 0.45772021478278985
Eval of C: 
ACC: 0.7471127846149959
SEN: 0.6478434598660242
PPV: 0.7330939557151407
MCC: 0.47923820747323603


Q3:  0.6712996891663087
ACC Average:  0.7808664594442059
MCC Average:  0.5039243945102669
SEN Average:  0.6753447965293174
PPV Average:  0.6647427910929595
